0	0.999996	0	1.17762e-05	0	0	-1.13277e-08	0.997128	0	4.36787e-06	0	-0.0857304	-0.223636	-0.00286755	0	-7.40829e-06	0	-0.0857304	-0.223636	
0.05	0.951052	0.309016	1.11998e-05	3.63903e-06	3.50044e-09	-1.07732e-08	1.84044	0.0347329	0.00376229	0.00334241	-0.0857304	-0.223636	0.889387	-0.274283	0.00375109	0.00333878	-0.0857304	-0.223636	
0.1	0.809013	0.587783	9.52711e-06	6.92185e-06	6.65823e-09	-9.16426e-09	2.3264	0.0552571	0.00586179	0.00717603	-0.081829	-0.210661	1.51739	-0.532525	0.00585226	0.00716911	-0.081829	-0.210661	
0.15	0.587783	0.809013	6.92185e-06	9.52711e-06	9.16426e-09	-6.65823e-09	2.44483	0.0600186	0.00600176	0.0115482	-0.0744502	-0.187157	1.85705	-0.748995	0.00599484	0.0115387	-0.0744502	-0.187157	
0.2	0.309016	0.951052	3.63903e-06	1.11998e-05	1.07732e-08	-3.50044e-09	1.9661	0.0341422	0.00184758	0.0169415	-0.0744502	-0.187157	1.65709	-0.91691	0.00184394	0.0169303	-0.0744502	-0.187157	
0.25	6.12321e-17	0.999996	7.21082e-22	1.17762e-05	1.13277e-08	-6.93619e-25	1.14123	-0.010149	-0.00639832	0.0228349	-0.0644364	-0.157462	1.14123	-1.01014	-0.00639832	0.0228231	-0.0644364	-0.157462	
0.3	-0.309016	0.951052	-3.63903e-06	1.11998e-05	1.07732e-08	3.50044e-09	0.154889	-0.0615035	-0.0176519	0.0287748	-0.0530048	-0.126848	0.463905	-1.01256	-0.0176483	0.0287636	-0.0530048	-0.126848	
0.35	-0.587783	0.809013	-6.92185e-06	9.52711e-06	9.16426e-09	6.65823e-09	-0.888957	-0.112101	-0.0323332	0.0343308	-0.0530048	-0.126848	-0.301175	-0.921115	-0.0323263	0.0343213	-0.0530048	-0.126848	
0.4	-0.809013	0.587783	-9.52711e-06	6.92185e-06	6.65823e-09	9.16426e-09	-1.63567	-0.135635	-0.0490475	0.0380933	-0.0416169	-0.100356	-0.826658	-0.723418	-0.0490379	0.0380864	-0.0416169	-0.100356	
0.45	-0.951052	0.309016	-1.11998e-05	3.63903e-06	3.50044e-09	1.07732e-08	-2.0667	-0.133424	-0.0656647	0.0401228	-0.0317411	-0.0817416	-1.11565	-0.442439	-0.0656535	0.0401192	-0.0317411	-0.0817416	
0.5	-0.999996	1.22464e-16	-1.17762e-05	1.44216e-21	1.38724e-24	1.13277e-08	-2.14286	-0.102899	-0.0817006	0.0402403	-0.0317411	-0.0817416	-1.14286	-0.102899	-0.0816889	0.0402403	-0.0317411	-0.0817416	
0.55	-0.951052	-0.309016	-1.11998e-05	-3.63903e-06	-3.50044e-09	1.07732e-08	-1.58635	-0.0286113	-0.0931629	0.0366174	-0.024534	-0.0727459	-0.635293	0.280404	-0.0931517	0.0366211	-0.024534	-0.0727459	
0.6	-0.809013	-0.587783	-9.52711e-06	-6.92185e-06	-6.65823e-09	9.16426e-09	-0.811504	0.0536775	-0.100376	0.0312752	-0.0205245	-0.0728656	-0.00249053	0.64146	-0.100366	0.0312821	-0.0205245	-0.0728656	
0.65	-0.587783	-0.809013	-6.92185e-06	-9.52711e-06	-9.16426e-09	6.65823e-09	0.124003	0.137978	-0.103131	0.0244578	-0.0194138	-0.0796619	0.711786	0.946992	-0.103124	0.0244673	-0.0194138	-0.0796619	
0.7	-0.309016	-0.951052	-3.63903e-06	-1.11998e-05	-1.07732e-08	3.50044e-09	1.04103	0.198348	-0.0982596	0.0165261	-0.0194138	-0.0796619	1.35005	1.1494	-0.098256	0.0165373	-0.0194138	-0.0796619	
0.75	-1.83696e-16	-0.999996	-2.16325e-21	-1.17762e-05	-1.13277e-08	2.08086e-24	1.66714	0.213802	-0.0872556	0.00920936	-0.020092	-0.0895039	1.66714	1.2138	-0.0872556	0.00922114	-0.020092	-0.0895039	
0.8	0.309016	-0.951052	3.63903e-06	-1.11998e-05	-1.07732e-08	-3.50044e-09	2.00128	0.190427	-0.07192	0.00292635	-0.0209109	-0.0985477	1.69227	1.14148	-0.0719236	0.00293755	-0.0209109	-0.0985477	
0.85	0.587783	-0.809013	6.92185e-06	-9.52711e-06	-9.16426e-09	-6.65823e-09	1.89645	0.114894	-0.0518882	-0.00138741	-0.0209109	-0.0985477	1.30867	0.923908	-0.0518951	-0.00137788	-0.0209109	-0.0985477	
0.9	0.809013	-0.587783	9.52711e-06	-6.92185e-06	-6.65823e-09	-9.16426e-09	1.31169	-0.00380471	-0.0289797	-0.00249533	-0.0201612	-0.103697	0.502681	0.583978	-0.0289893	-0.0024884	-0.0201612	-0.103697	
0.95	0.951052	-0.309016	1.11998e-05	-3.63903e-06	-3.50044e-09	-1.07732e-08	0.530906	-0.130336	-0.00571627	-0.00158211	-0.0166208	-0.103303	-0.420147	0.17868	-0.00572747	-0.00157847	-0.0166208	-0.103303	
1	0.999996	-2.44928e-16	1.17762e-05	-2.88433e-21	-2.77447e-24	-1.13277e-08	-0.404604	-0.257717	0.0173812	0.00131354	-0.0166208	-0.103303	-1.4046	-0.257717	0.0173694	0.00131354	-0.0166208	-0.103303	
1.05	0.951052	0.309016	1.11998e-05	3.63903e-06	3.50044e-09	-1.07732e-08	-1.21244	-0.330922	0.0369582	0.00624133	-0.00999274	-0.0974449	-2.16349	-0.639937	0.036947	0.00623769	-0.00999274	-0.0974449	
1.1	0.809013	0.587783	9.52711e-06	6.92185e-06	6.65823e-09	-9.16426e-09	-1.75385	-0.351488	0.053301	0.0111175	-0.00107535	-0.0877335	-2.56286	-0.93927	0.0532915	0.0111106	-0.00107536	-0.0877335	
1.15	0.587783	0.809013	6.92185e-06	9.52711e-06	9.16426e-09	-6.65823e-09	-2.00925	-0.319228	0.0663058	0.0156403	0.00841768	-0.0767274	-2.59703	-1.12824	0.0662988	0.0156308	0.00841767	-0.0767274	
1.2	0.309016	0.951052	3.63903e-06	1.11998e-05	1.07732e-08	-3.50044e-09	-1.74746	-0.206889	0.073836	0.0182756	0.00841768	-0.0767274	-2.05648	-1.15794	0.0738324	0.0182644	0.00841767	-0.0767274	
1.25	3.0616e-16	0.999996	3.60541e-21	1.17762e-05	1.13277e-08	-3.46809e-24	-1.13972	-0.0561474	0.0772236	0.0183109	0.0163491	-0.0671274	-1.13972	-1.05614	0.0772236	0.0182992	0.0163491	-0.0671274	
1.3	-0.309016	0.951052	-3.63903e-06	1.11998e-05	1.07732e-08	3.50044e-09	-0.347017	0.106108	0.0777117	0.0161643	0.0208156	-0.0609811	-0.0380012	-0.844944	0.0777153	0.0161531	0.0208156	-0.0609811	
1.35	-0.587783	0.809013	-6.92185e-06	9.52711e-06	9.16426e-09	6.65823e-09	0.562125	0.258748	0.0750937	0.0111628	0.0208156	-0.0609811	1.14991	-0.550266	0.0751006	0.0111533	0.0208156	-0.0609811	
1.4	-0.809013	0.587783	-9.52711e-06	6.92185e-06	6.65823e-09	9.16426e-09	1.28088	0.341475	0.0701987	0.00338494	0.0207596	-0.0591091	2.0899	-0.246308	0.0702083	0.00337802	0.0207596	-0.0591091	
1.45	-0.951052	0.309016	-1.11998e-05	3.63903e-06	3.50044e-09	1.07732e-08	1.75044	0.360607	0.0643702	-0.00557565	0.016334	-0.0608962	2.70149	0.0515915	0.0643814	-0.00557929	0.016334	-0.0608962	
1.5	-0.999996	3.67392e-16	-1.17762e-05	4.32649e-21	4.16171e-24	1.13277e-08	1.93002	0.310482	0.0578029	-0.0154962	0.016334	-0.0608962	2.93002	0.310482	0.0578147	-0.0154962	0.016334	-0.0608962	
1.55	-0.951052	-0.309016	-1.11998e-05	-3.63903e-06	-3.50044e-09	1.07732e-08	1.53594	0.147464	0.0506551	-0.025249	0.00889486	-0.064488	2.48699	0.45648	0.0506663	-0.0252453	0.00889486	-0.064488	
1.6	-0.809013	-0.587783	-9.52711e-06	-6.92185e-06	-6.65823e-09	9.16426e-09	0.915681	-0.0476297	0.0432201	-0.0339762	0.00062293	-0.0673235	1.72469	0.540153	0.0432296	-0.0339692	0.000622937	-0.0673235	
1.65	-0.587783	-0.809013	-6.92185e-06	-9.52711e-06	-9.16426e-09	6.65823e-09	0.118283	-0.262627	0.035463	-0.0415244	-0.00610634	-0.0668477	0.706065	0.546387	0.0354699	-0.0415149	-0.00610633	-0.0668477	
1.7	-0.309016	-0.951052	-3.63903e-06	-1.11998e-05	-1.07732e-08	3.50044e-09	-0.724225	-0.4527	0.0270656	-0.0466144	-0.00610634	-0.0668477	-0.415209	0.498352	0.0270692	-0.0466032	-0.00610633	-0.0668477	
1.75	-4.28624e-16	-0.999996	-5.04757e-21	-1.17762e-05	-1.13277e-08	4.85533e-24	-1.34699	-0.56467	0.0180522	-0.0493399	-0.00940155	-0.0612133	-1.34699	0.435326	0.0180522	-0.0493281	-0.00940154	-0.0612133	
1.8	0.309016	-0.951052	3.63903e-06	-1.11998e-05	-1.07732e-08	-3.50044e-09	-1.73013	-0.602222	0.00865766	-0.0501878	-0.00837307	-0.0497895	-2.03914	0.34883	0.00865402	-0.0501766	-0.00837306	-0.0497895	
1.85	0.587783	-0.809013	6.92185e-06	-9.52711e-06	-9.16426e-09	-6.65823e-09	-1.7339	-0.531838	-0.00107366	-0.048706	-0.00837307	-0.0497895	-2.32169	0.277176	-0.00108058	-0.0486964	-0.00837306	-0.0497895	
1.9	0.809013	-0.587783	9.52711e-06	-6.92185e-06	-6.65823e-09	-9.16426e-09	-1.28883	-0.345997	-0.0103317	-0.0446904	-0.0033395	-0.0333606	-2.09785	0.241785	-0.0103412	-0.0446835	-0.00333949	-0.0333606	
1.95	0.951052	-0.309016	1.11998e-05	-3.63903e-06	-3.50044e-09	-1.07732e-08	-0.644378	-0.113795	-0.0186503	-0.0391493	0.00431968	-0.0139777	-1.59543	0.19522	-0.0186615	-0.0391456	0.00431969	-0.0139777	
2	0.999996	-4.89857e-16	1.17762e-05	-5.76865e-21	-5.54895e-24	-1.13277e-08	0.166173	0.154565	-0.0258215	-0.032137	0.00431968	-0.0139777	-0.833823	0.154565	-0.0258333	-0.032137	0.00431968	-0.0139777	
2.05	0.951052	0.309016	1.11998e-05	3.63903e-06	3.50044e-09	-1.07732e-08	0.910655	0.385696	-0.0295615	-0.0229776	0.0125946	0.00548352	-0.0403975	0.0766802	-0.0295727	-0.0229813	0.0125946	0.00548353	
2.1	0.809013	0.587783	9.52711e-06	6.92185e-06	6.65823e-09	-9.16426e-09	1.43095	0.543835	-0.0308599	-0.0129324	0.019407	0.0219442	0.621934	-0.043948	-0.0308694	-0.0129393	0.0194069	0.0219442	
2.15	0.587783	0.809013	6.92185e-06	9.52711e-06	9.16426e-09	-6.65823e-09	1.70486	0.622738	-0.0297381	-0.00213715	0.0231304	0.0327734	1.11708	-0.186275	-0.029745	-0.00214667	0.0231304	0.0327734	
2.2	0.309016	0.951052	3.63903e-06	1.11998e-05	1.07732e-08	-3.50044e-09	1.50936	0.554694	-0.0250815	0.00917119	0.0231304	0.0327734	1.20035	-0.396359	-0.0250852	0.00915999	0.0231304	0.0327734	
2.25	5.51089e-16	0.999996	6.48974e-21	1.17762e-05	1.13277e-08	-6.24257e-24	0.981474	0.380234	-0.0183518	0.0198985	0.0229303	0.0363294	0.981474	-0.619762	-0.0183518	0.0198867	0.0229303	0.0363294	
2.3	-0.309016	0.951052	-3.63903e-06	1.11998e-05	1.07732e-08	3.50044e-09	0.268957	0.144056	-0.0105313	0.0296538	0.0188615	0.0322871	0.577972	-0.806997	-0.0105277	0.0296426	0.0188614	0.0322871	
2.35	-0.587783	0.809013	-6.92185e-06	9.52711e-06	9.16426e-09	6.65823e-09	-0.572744	-0.140001	-0.00205718	0.0375604	0.0188615	0.0322871	0.0150387	-0.949014	-0.00205025	0.0375509	0.0188614	0.0322871	
2.4	-0.809013	0.587783	-9.52711e-06	6.92185e-06	6.65823e-09	9.16426e-09	-1.25705	-0.386758	0.00536409	0.0417086	0.0117451	0.021699	-0.44804	-0.97454	0.00537361	0.0417017	0.011745	0.021699	
2.45	-0.951052	0.309016	-1.11998e-05	3.63903e-06	3.50044e-09	1.07732e-08	-1.71304	-0.567607	0.0113978	0.0427907	0.00290292	0.00679498	-0.761991	-0.876623	0.011409	0.042787	0.00290292	0.00679496	
