-8.47361e-06	3.39125e-07	1.11639e-05	-4.46793e-07	2.62297e-06	-1.04975e-07	0.00877492	0.0555814	0	0	0	0	
6.08979e-06	-2.43722e-07	2.92414e-05	-1.17028e-06	3.06194e-06	-1.22543e-07	0.0105544	0.0564398	0	0	0	0	
2.06532e-05	-8.26569e-07	4.7319e-05	-1.89377e-06	3.90361e-06	-1.56228e-07	0.0123993	0.0572879	0	0	0	0	
3.52166e-05	-1.40942e-06	6.53965e-05	-2.61726e-06	5.14799e-06	-2.06029e-07	0.0143127	0.0581252	0	0	0	0	
4.978e-05	-1.99226e-06	8.34741e-05	-3.34075e-06	6.79506e-06	-2.71947e-07	0.0162975	0.0589515	0	0	0	0	
6.40893e-05	-2.56494e-06	9.46325e-05	-3.78732e-06	8.51695e-06	-3.4086e-07	0.0183573	0.0597663	0	0	0	0	
7.41589e-05	-2.96794e-06	0.000108302	-4.33439e-06	1.04577e-05	-4.18532e-07	0.0204956	0.0605692	0	0	0	0	
8.42284e-05	-3.37094e-06	0.000121971	-4.88146e-06	1.26173e-05	-5.04963e-07	0.0227166	0.0613599	0	0	0	0	
9.4298e-05	-3.77393e-06	0.000135641	-5.42853e-06	1.49959e-05	-6.00154e-07	0.0250248	0.062138	0	0	0	0	
0.000111285	-4.45377e-06	0.000134658	-5.38918e-06	1.7328e-05	-6.93491e-07	0.027425	0.0629031	0	0	0	0	
0.000115569	-4.62522e-06	0.000143141	-5.72871e-06	1.98188e-05	-7.93175e-07	0.0299228	0.0636549	0	0	0	0	
0.000119853	-4.79667e-06	0.000151625	-6.06825e-06	2.24682e-05	-8.99208e-07	0.0325242	0.064393	0	0	0	0	
0.000124137	-4.96812e-06	0.000160109	-6.40779e-06	2.52762e-05	-1.01159e-06	0.0352357	0.0651172	0	0	0	0	
0.00014521	-5.8115e-06	0.00014359	-5.74667e-06	2.78381e-05	-1.11412e-06	0.0380649	0.0658269	0	0	0	0	
0.000142544	-5.70481e-06	0.000146594	-5.86688e-06	3.05062e-05	-1.2209e-06	0.0410199	0.066522	0	0	0	0	
0.000139878	-5.59811e-06	0.000149597	-5.98708e-06	3.32802e-05	-1.33192e-06	0.04411	0.067202	0	0	0	0	
0.000137212	-5.49142e-06	0.000152601	-6.10728e-06	3.61604e-05	-1.44719e-06	0.0473456	0.0678668	0	0	0	0	
0.000160857	-6.43771e-06	0.000119363	-4.77705e-06	3.85773e-05	-1.54392e-06	0.0507383	0.0685158	0	0	0	0	
0.000150009	-6.00358e-06	0.000116968	-4.68123e-06	4.10476e-05	-1.64278e-06	0.0543012	0.0691489	0	0	0	0	
0.000139162	-5.56945e-06	0.000114574	-4.58541e-06	4.35712e-05	-1.74378e-06	0.058049	0.0697658	0	0	0	0	
0.000128314	-5.13532e-06	0.00011218	-4.48959e-06	4.61481e-05	-1.84691e-06	0.0619988	0.0703661	0	0	0	0	
0.000150124	-6.00816e-06	6.23318e-05	-2.4946e-06	4.80559e-05	-1.92326e-06	0.0661696	0.0709496	0	0	0	0	
0.000129545	-5.18458e-06	5.47189e-05	-2.18993e-06	4.99668e-05	-1.99974e-06	0.0705836	0.071516	0	0	0	0	
0.000108967	-4.36101e-06	4.7106e-05	-1.88525e-06	5.1881e-05	-2.07635e-06	0.0752659	0.072065	0	0	0	0	
8.83886e-05	-3.53743e-06	3.94931e-05	-1.58057e-06	5.37983e-05	-2.15308e-06	0.0802459	0.0725964	0	0	0	0	
0.000101544	-4.06394e-06	-2.78304e-05	1.11381e-06	5.48779e-05	-2.19629e-06	0.0855576	0.0731098	0	0	0	0	
6.87811e-05	-2.75271e-06	-4.10389e-05	1.64243e-06	5.59172e-05	-2.23788e-06	0.0912406	0.0736052	0	0	0	0	
3.60178e-05	-1.44148e-06	-5.42475e-05	2.17106e-06	5.69161e-05	-2.27786e-06	0.0973416	0.0740822	0	0	0	0	
3.25452e-06	-1.3025e-07	-6.7456e-05	2.69968e-06	5.78748e-05	-2.31623e-06	0.103916	0.0745406	0	0	0	0	
-9.14647e-07	3.66054e-08	-0.0001596	6.38741e-06	5.78879e-05	-2.31675e-06	0.111029	0.0749802	0	0	0	0	
-5.11898e-05	2.04868e-06	-0.000181219	7.25261e-06	5.78276e-05	-2.31434e-06	0.11876	0.0754007	0	0	0	0	
-0.000101465	4.06076e-06	-0.000202837	8.11781e-06	5.76936e-05	-2.30898e-06	0.127206	0.0758021	0	0	0	0	
-0.00015174	6.07284e-06	-0.000224455	8.983e-06	5.74861e-05	-2.30067e-06	0.136482	0.076184	0	0	0	0	
-0.000183723	7.35283e-06	-0.00037223	1.48971e-05	5.63047e-05	-2.25339e-06	0.146733	0.0765463	0	0	0	0	
-0.000268367	1.07404e-05	-0.000415431	1.66261e-05	5.50296e-05	-2.20236e-06	0.158142	0.0768889	0	0	0	0	
-0.000353011	1.4128e-05	-0.000458631	1.8355e-05	5.36607e-05	-2.14757e-06	0.170937	0.0772115	0	0	0	0	
-0.000437654	1.75155e-05	-0.000501832	2.0084e-05	5.21981e-05	-2.08904e-06	0.185413	0.0775141	0	0	0	0	
-0.000510788	2.04424e-05	-0.00083275	3.33278e-05	4.98234e-05	-1.994e-06	0.201956	0.0777964	0	0	0	0	
-0.000713963	2.85738e-05	-0.000973638	3.89663e-05	4.73492e-05	-1.89498e-06	0.221082	0.0780584	0	0	0	0	
-0.000917138	3.67051e-05	-0.00111453	4.46049e-05	4.47755e-05	-1.79198e-06	0.243492	0.0782998	0	0	0	0	
-0.00112031	4.48364e-05	-0.00125542	5.02434e-05	4.21025e-05	-1.685e-06	0.27017	0.0785207	0	0	0	0	
-0.00125341	5.01631e-05	-0.00245051	9.80726e-05	3.86707e-05	-1.54765e-06	0.302536	0.0787208	0	0	0	0	
-0.00225267	9.01548e-05	-0.00333866	0.000133618	3.51481e-05	-1.40668e-06	0.342721	0.0789001	0	0	0	0	
-0.00325193	0.000130146	-0.00422682	0.000169163	3.15348e-05	-1.26207e-06	0.394075	0.0790586	0	0	0	0	
-0.00425118	0.000170138	-0.00511497	0.000204708	2.78308e-05	-1.11382e-06	0.462179	0.079196	0	0	0	0	
-0.00480798	0.000192422	-0.0127052	0.000508479	2.36042e-05	-9.44671e-07	0.55708	0.0793125	0	0	0	0	
-0.0143995	0.000576288	-0.0219769	0.000879544	1.9308e-05	-7.7273e-07	0.698875	0.0794078	0	0	0	0	
-0.023991	0.000960154	-0.0312485	0.00125061	1.49421e-05	-5.98002e-07	0.934455	0.079482	0	0	0	0	
-0.0335826	0.00134402	-0.0405202	0.00162167	1.05066e-05	-4.20487e-07	1.40449	0.079535	0	0	0	0	
0.0774406	-0.00309928	2.8406e-06	-1.13685e-07	5.84873e-06	-2.34074e-07	2.81236	0.0795669	0	0	0	0	
0.0774419	-0.00309933	5.58647e-07	-2.23578e-08	1.15125e-06	-4.60747e-08	inf	-nan	0	0	0	0	
0.0774431	-0.00309938	-1.72331e-06	6.89692e-08	-3.58587e-06	1.43512e-07	2.81236	0.0795669	0	0	0	0	
0.0774443	-0.00309943	-4.00527e-06	1.60296e-07	-8.36265e-06	3.34685e-07	1.40449	0.079535	0	0	0	0	
-0.0239837	0.000959861	-0.0312619	0.00125115	-1.30251e-05	5.21284e-07	0.934455	0.079482	0	0	0	0	
-0.0143898	0.0005759	-0.0219946	0.000880254	-1.76933e-05	7.08109e-07	0.698875	0.0794078	0	0	0	0	
-0.0047959	0.000191938	-0.0127273	0.000509362	-2.2367e-05	8.95159e-07	0.55708	0.0793125	0	0	0	0	
0.00479801	-0.000192023	-0.00345993	0.000138471	-2.70464e-05	1.08243e-06	0.462179	0.079196	0	0	0	0	
-0.00323686	0.000129543	-0.00425545	0.000170309	-3.12719e-05	1.25155e-06	0.394075	0.0790586	0	0	0	0	
-0.00223548	8.9467e-05	-0.00337101	0.000134912	-3.54707e-05	1.41958e-06	0.342721	0.0789001	0	0	0	0	
-0.00123411	4.93906e-05	-0.00248657	9.95157e-05	-3.96427e-05	1.58655e-06	0.302536	0.0787208	0	0	0	0	
-0.000232731	9.3142e-06	-0.00160212	6.41191e-05	-4.37879e-05	1.75245e-06	0.27017	0.0785207	0	0	0	0	
-0.000898195	3.5947e-05	-0.00115299	4.61441e-05	-4.7172e-05	1.88789e-06	0.243492	0.0782998	0	0	0	0	
-0.000693275	2.77458e-05	-0.00101488	4.06169e-05	-5.05043e-05	2.02125e-06	0.221082	0.0780584	0	0	0	0	
-0.000488356	1.95446e-05	-0.000876775	3.50897e-05	-5.37848e-05	2.15254e-06	0.201956	0.0777964	0	0	0	0	
-0.000283436	1.13435e-05	-0.00073867	2.95626e-05	-5.70134e-05	2.28175e-06	0.185413	0.0775141	0	0	0	0	
-0.00033512	1.3412e-05	-0.000499788	2.00022e-05	-5.9239e-05	2.37082e-06	0.170937	0.0772115	0	0	0	0	
-0.00024912	9.97014e-06	-0.000458308	1.83421e-05	-6.14e-05	2.45731e-06	0.158142	0.0768889	0	0	0	0	
-0.000163121	6.52831e-06	-0.000416828	1.6682e-05	-6.34964e-05	2.54121e-06	0.146733	0.0765463	0	0	0	0	
-7.71207e-05	3.08648e-06	-0.000375348	1.50219e-05	-6.55281e-05	2.62252e-06	0.136482	0.076184	0	0	0	0	
-8.96081e-05	3.58624e-06	-0.000239136	9.57056e-06	-6.64062e-05	2.65767e-06	0.127206	0.0758021	0	0	0	0	
-3.82832e-05	1.53214e-06	-0.00021823	8.73384e-06	-6.72228e-05	2.69035e-06	0.11876	0.0754007	0	0	0	0	
1.30418e-05	-5.21949e-07	-0.000197323	7.89712e-06	-6.79777e-05	2.72056e-06	0.111029	0.0749802	0	0	0	0	
6.43667e-05	-2.57604e-06	-0.000176416	7.0604e-06	-6.86711e-05	2.74831e-06	0.103916	0.0745406	0	0	0	0	
3.78366e-05	-1.51427e-06	-7.90777e-05	3.1648e-06	-6.81669e-05	2.72813e-06	0.0973416	0.0740822	0	0	0	0	
7.15074e-05	-2.86182e-06	-6.5805e-05	2.63361e-06	-6.76214e-05	2.7063e-06	0.0912406	0.0736052	0	0	0	0	
0.000105178	-4.20937e-06	-5.25324e-05	2.10242e-06	-6.70346e-05	2.68282e-06	0.0855576	0.0731098	0	0	0	0	
0.000138849	-5.55692e-06	-3.92598e-05	1.57123e-06	-6.64066e-05	2.65768e-06	0.0802459	0.0725964	0	0	0	0	
9.85647e-05	-3.94469e-06	3.81965e-05	-1.52868e-06	-6.46461e-05	2.58722e-06	0.0752659	0.072065	0	0	0	0	
0.000120118	-4.80728e-06	4.62728e-05	-1.8519e-06	-6.2881e-05	2.51658e-06	0.0705836	0.071516	0	0	0	0	
0.000141671	-5.66988e-06	5.4349e-05	-2.17512e-06	-6.11112e-05	2.44575e-06	0.0661696	0.0709496	0	0	0	0	
0.000163225	-6.53247e-06	6.24253e-05	-2.49834e-06	-5.93368e-05	2.37474e-06	0.0619988	0.0703661	0	0	0	0	
0.000116666	-4.66912e-06	0.000123029	-4.92378e-06	-5.65926e-05	2.26491e-06	0.058049	0.0697658	0	0	0	0	
0.000128762	-5.15324e-06	0.000125828	-5.03579e-06	-5.38937e-05	2.1569e-06	0.0543012	0.0691489	0	0	0	0	
0.000140859	-5.63735e-06	0.000128627	-5.14781e-06	-5.124e-05	2.05069e-06	0.0507383	0.0685158	0	0	0	0	
0.000152955	-6.12146e-06	0.000131425	-5.25982e-06	-4.86316e-05	1.9463e-06	0.0473456	0.0678668	0	0	0	0	
0.000107747	-4.31217e-06	0.000173525	-6.9447e-06	-4.52895e-05	1.81255e-06	0.04411	0.067202	0	0	0	0	
0.000112088	-4.4859e-06	0.000170403	-6.81976e-06	-4.20511e-05	1.68294e-06	0.0410199	0.066522	0	0	0	0	
0.000116429	-4.65963e-06	0.000167281	-6.69481e-06	-3.89163e-05	1.55748e-06	0.0380649	0.0658269	0	0	0	0	
0.00012077	-4.83336e-06	0.000164159	-6.56987e-06	-3.58853e-05	1.43618e-06	0.0352357	0.0651172	0	0	0	0	
8.24082e-05	-3.29809e-06	0.000186058	-7.44628e-06	-3.2396e-05	1.29653e-06	0.0325242	0.064393	0	0	0	0	
8.02812e-05	-3.21296e-06	0.000176538	-7.06528e-06	-2.90742e-05	1.16359e-06	0.0299228	0.0636549	0	0	0	0	
7.81542e-05	-3.12784e-06	0.000167018	-6.68428e-06	-2.59198e-05	1.03734e-06	0.027425	0.0629031	0	0	0	0	
7.60273e-05	-3.04271e-06	0.000157498	-6.30329e-06	-2.29328e-05	9.17801e-07	0.0250248	0.062138	0	0	0	0	
4.67802e-05	-1.87221e-06	0.000159663	-6.38992e-06	-1.97575e-05	7.90721e-07	0.0227166	0.0613599	0	0	0	0	
3.92872e-05	-1.57233e-06	0.000143779	-5.75424e-06	-1.68379e-05	6.73876e-07	0.0204956	0.0605692	0	0	0	0	
3.17942e-05	-1.27245e-06	0.000127896	-5.11857e-06	-1.4174e-05	5.67264e-07	0.0183573	0.0597663	0	0	0	0	
2.43013e-05	-9.72569e-07	0.000112013	-4.4829e-06	-1.17659e-05	4.70887e-07	0.0162975	0.0589515	0	0	0	0	
2.94136e-06	-1.17717e-07	9.80263e-05	-3.92314e-06	-9.30542e-06	3.72416e-07	0.0143127	0.0581252	0	0	0	0	
-8.80226e-06	3.52278e-07	7.64656e-05	-3.06026e-06	-7.47664e-06	2.99225e-07	0.0123993	0.0572879	0	0	0	0	
-2.05459e-05	8.22274e-07	5.49049e-05	-2.19737e-06	-6.27955e-06	2.51316e-07	0.0105544	0.0564398	0	0	0	0	
